0.000286776	3.02839e-05	0.0	8.42993e-05	3.4273e-05	5.44526e-05	0.000169381	7.20089e-05	2.32599e-05	0.000101988	0.0	3.70969e-05	6.11192e-05	0.00264701	2.25842e-05	7.24034e-05	8.02834e-05
5.5087e-05	0.000128261	0.000271924	0.000128733	0.000183828	1.08905e-05	0.000234467	0.000318039	8.06975e-05	0.000418801	0.0	0.00109171	0.000181953	0.000314321	0.00083239	0.000651631	0.000295159
1.29616e-05	0.000655558	0.000815772	0.000148666	0.000333383	6.53431e-05	0.000264265	1.20015e-05	0.00255716	9.33081e-05	0.00137346	0.00113234	0.000227616	0.000195709	0.000374253	0.00224451	0.000144038
1.94425e-05	8.19447e-05	0.00149558	2.3255e-05	2.18101e-05	1.08905e-05	3.05826e-05	0.000126016	7.69e-05	5.42489e-05	0.000313935	0.000229647	3.44235e-05	4.1514e-05	0.000248426	0.00021721	2.5974e-05
2.43031e-05	6.94749e-05	0.0	0.00350403	0.000118398	1.08905e-05	6.58703e-05	4.8006e-05	3.98741e-05	5.64188e-05	3.92418e-05	0.000254379	5.93629e-05	7.51206e-05	6.77526e-05	7.24034e-05	3.54191e-05
5.34668e-05	0.0	0.0	6.22901e-05	6.85461e-05	0.00147022	2.66618e-05	0.000522065	0.000172313	9.33081e-05	0.000235451	0.000187251	4.07461e-05	3.55835e-05	1.29053e-05	0.000144807	4.01417e-05
2.91637e-05	0.0	0.0	8.01466e-05	0.00019006	0.00215632	6.50861e-05	0.000366045	2.23105e-05	4.9909e-05	0.000313935	0.000150154	4.461e-05	1.58149e-05	7.74316e-05	0.000108605	3.06966e-05
1.29616e-05	6.41307e-05	0.0	1.16275e-05	3.73888e-05	0.000141577	2.58776e-05	0.0	4.79438e-05	1.08498e-05	0.0	6.71277e-05	2.17781e-05	2.17454e-05	5.16211e-05	0.0020273	0.000103896
5.83274e-05	5.16608e-05	0.0010877	0.00413772	0.000174481	8.71241e-05	9.80212e-05	0.000186023	0.000162344	0.000219165	0.000470902	0.000369203	0.000188275	0.000160126	0.000174221	0.000941245	9.4451e-05
8.42506e-05	6.59121e-05	0.0	0.000203896	7.16618e-05	4.35621e-05	0.000167812	3.60045e-05	1.70889e-05	0.000136707	0.0	0.0016411	0.000171064	0.000130473	0.000212937	7.24034e-05	7.79221e-05
0.000170121	4.63166e-05	0.000951734	0.00379887	0.000246143	0.000141577	0.000164676	0.000180022	0.000616149	0.000175766	0.000117726	0.000150154	0.000242721	0.000211524	0.000177447	3.62017e-05	0.000106257
4.21253e-05	1.06884e-05	0.0	3.61283e-05	6.54303e-05	0.000522745	0.000139582	0.00108613	6.40833e-05	0.000112838	0.000510144	0.000618282	0.000130669	7.11669e-05	0.000790448	0.000941245	9.4451e-05
0.000170121	0.000190611	0.0	0.000364605	0.000345846	1.08905e-05	0.000135661	0.000294036	0.000133388	0.000190956	0.000117726	0.00187074	0.00030103	0.000719577	8.06579e-05	0.00021721	0.000141677
3.72647e-05	1.24698e-05	0.0	7.89008e-05	0.000165134	0.000174248	7.68486e-05	0.00117015	6.31339e-05	7.59484e-05	0.000784837	0.000171352	6.32268e-05	5.13983e-05	5.16211e-05	0.0	3.54191e-05
