0.00143388	1.95955e-05	0.0	0.000443506	0.000582642	2.1781e-05	0.000828083	0.000600074	0.000200794	0.000852792	0.000117726	0.000155454	0.000436616	0.000173964	0.0001839	0.000289614	0.000826446
3.56445e-05	6.41307e-05	0.0	0.00023338	0.000520327	0.000130686	0.000167812	0.000210026	0.000142882	0.000321153	0.000117726	0.000215515	0.00044048	0.000284668	1.61316e-05	3.62017e-05	0.000552538
8.58708e-05	1.78141e-05	0.0	5.48153e-05	0.000146439	0.000228701	7.29278e-05	0.000618077	7.54759e-05	9.5478e-05	0.000117726	7.24273e-05	7.79797e-05	0.000529798	3.87158e-05	0.0	0.000198347
0.000144198	5.34422e-05	0.000135962	9.09436e-05	0.000174481	9.80147e-05	6.66544e-05	0.000294036	0.000125318	0.000110668	0.0	5.29956e-05	9.97578e-05	0.000614803	1.29053e-05	7.24034e-05	0.000181818
2.43031e-05	5.16608e-05	0.0	2.07634e-05	2.80416e-05	2.1781e-05	1.80359e-05	9.60119e-05	0.000106806	1.51897e-05	0.0	0.000173119	2.63445e-05	0.000850049	0.0	7.24034e-05	1.65289e-05
2.91637e-05	3.02839e-05	0.000135962	3.90351e-05	8.1009e-05	5.44526e-05	5.41077e-05	3.00037e-05	0.000174212	4.55691e-05	0.0	0.000256145	6.60369e-05	0.000913309	2.25842e-05	0.0	2.83353e-05
2.75435e-05	2.85025e-05	0.000135962	4.90016e-05	3.11573e-05	1.08905e-05	5.41077e-05	4.20052e-05	0.000174686	5.64188e-05	0.0	0.000211982	7.8331e-05	0.000897494	1.61316e-05	3.62017e-05	6.37544e-05
2.91637e-05	2.67211e-05	0.000135962	5.60611e-05	5.29674e-05	0.000163358	7.99853e-05	0.000174022	0.000222155	6.07587e-05	3.92418e-05	0.000309141	0.000113457	0.00105762	4.19421e-05	3.62017e-05	8.73672e-05
3.56445e-05	4.45352e-05	0.000135962	7.64092e-05	0.000109051	0.000196029	8.54745e-05	8.40104e-05	0.000407285	0.000117178	0.0	0.000247313	0.000154203	0.00107541	2.58105e-05	7.24034e-05	0.000106257
0.000119895	3.02839e-05	0.000271924	8.67909e-05	0.000348962	0.000588088	0.000281517	0.000282035	0.000118198	0.000175766	0.00062787	0.000261445	0.000276442	0.00162893	1.61316e-05	0.0	0.00020307
5.67072e-05	1.06884e-05	0.000135962	4.65099e-05	6.85461e-05	0.00021781	4.39135e-05	9.00112e-05	0.000101584	7.37785e-05	3.92418e-05	6.35947e-05	5.86604e-05	0.000571312	1.61316e-05	0.0	0.00011098
0.000255992	3.20653e-05	0.000271924	0.000212202	0.000395698	0.000141577	0.000171733	0.000414051	0.000322315	0.000277754	0.000196209	4.94625e-05	0.000207946	0.000577243	4.83947e-05	7.24034e-05	0.00121606
0.000230069	1.06884e-05	0.0	1.45344e-05	1.55787e-05	0.0	3.13668e-05	0.000546068	4.55703e-05	0.000171426	0.000117726	0.000100692	0.000544102	5.73289e-05	1.29053e-05	0.0	2.36128e-05
0.000106934	0.000484543	0.00788579	9.75878e-05	0.000199407	0.000283153	0.00022192	0.000306038	0.00119717	0.000169257	0.000510144	0.000144855	0.000132776	9.29124e-05	0.000387158	0.000868841	9.91736e-05
3.56445e-05	0.00101184	0.00101971	0.000178565	0.000411276	0.000805898	0.000243093	0.000210026	0.00197329	0.000123687	0.000353177	0.00035507	0.000161931	0.000168033	0.000290368	0.000108605	0.000181818
7.1289e-05	8.55075e-05	0.000135962	4.02809e-05	3.73888e-05	2.1781e-05	6.90069e-05	7.80097e-05	0.000118673	9.11381e-05	0.000156967	1.58987e-05	6.84957e-05	2.56992e-05	0.000825937	7.24034e-05	3.77804e-05
2.75435e-05	0.000103322	0.000543848	1.53649e-05	0.000171365	0.0	6.03811e-05	0.000144018	0.000201744	2.82094e-05	0.0	4.4163e-05	5.58503e-05	9.29124e-05	5.48474e-05	3.62017e-05	0.000106257
8.26304e-05	0.000133606	0.000815772	5.14932e-05	7.78933e-05	0.000108905	9.01795e-05	2.4003e-05	0.000118198	6.07587e-05	0.0	6.53612e-05	4.67176e-05	7.51206e-05	4.19421e-05	0.000108605	3.77804e-05
0.000204146	0.000146075	0.0	0.000198083	0.000302226	1.08905e-05	0.000144287	0.000186023	0.000269625	0.000203976	0.000353177	0.000310907	0.000319295	0.000128496	3.22632e-05	0.000506824	0.000302243
6.15678e-05	3.56281e-05	0.000815772	5.14932e-05	0.000102819	6.53431e-05	4.86185e-05	8.40104e-05	0.000189402	0.000115008	0.0	0.000118357	0.000107486	0.00102797	2.58105e-05	0.0	0.000214876
1.45818e-05	0.00012648	0.000543848	2.98993e-05	5.60832e-05	0.000108905	5.25394e-05	3.00037e-05	0.000198421	3.47193e-05	3.92418e-05	3.35639e-05	3.12621e-05	2.7676e-05	5.16211e-05	3.62017e-05	2.5974e-05
1.78223e-05	1.42513e-05	0.0	1.49496e-05	4.05045e-05	3.26716e-05	3.45035e-05	2.4003e-05	1.75636e-05	3.03794e-05	0.000156967	0.000658912	2.14269e-05	2.37223e-05	1.61316e-05	7.24034e-05	3.06966e-05
3.24041e-05	2.13769e-05	0.000135962	4.15267e-05	6.54303e-05	7.62336e-05	2.82301e-05	3.00037e-05	0.000178484	3.68892e-05	7.84837e-05	4.59295e-05	6.67394e-05	0.000984476	1.93579e-05	0.0	3.77804e-05
2.26829e-05	0.0	0.00122366	2.74076e-05	2.49258e-05	1.08905e-05	4.54818e-05	0.0	1.13926e-05	1.95296e-05	3.92418e-05	0.0	3.54772e-05	3.95372e-05	0.0	0.000108605	2.36128e-05
0.000445556	1.06884e-05	0.0	1.7026e-05	1.86944e-05	9.80147e-05	0.000133309	4.20052e-05	0.000226902	7.81184e-05	0.00043166	5.47621e-05	0.000114511	2.17454e-05	0.000190353	0.000289614	4.48642e-05
5.18465e-05	5.7005e-05	0.000815772	0.000103402	3.4273e-05	0.00020692	6.03811e-05	2.4003e-05	3.27537e-05	3.68892e-05	0.0	1.23656e-05	3.30184e-05	6.32595e-05	3.22632e-05	0.000144807	9.91736e-05
3.88849e-05	7.66005e-05	0.000543848	5.23237e-05	5.60832e-05	3.26716e-05	4.78344e-05	4.8006e-05	2.56333e-05	5.42489e-05	3.92418e-05	1.23656e-05	6.88469e-05	0.000110704	0.000141958	7.24034e-05	4.95868e-05
7.61496e-05	3.56281e-05	0.0	7.1426e-05	9.34719e-05	1.08905e-05	0.000143503	0.000114014	7.35771e-05	9.7648e-05	0.000510144	3.17973e-05	0.000111349	0.000177917	1.29053e-05	3.62017e-05	9.91736e-05
6.96688e-05	0.00022802	0.00632223	0.00019476	0.000492285	0.000903913	0.000595969	0.000378047	0.00150667	0.000177936	0.000902562	0.00095922	0.000396924	0.00034595	0.000412969	0.000434421	0.000290437
0.000328902	2.85025e-05	0.0	0.000134962	0.000112166	0.000348497	0.000452466	9.60119e-05	3.93994e-05	0.000197466	0.0	0.000153687	0.000197408	0.00215082	6.45263e-05	3.62017e-05	0.000276269
0.000286776	3.02839e-05	0.0	8.42993e-05	3.4273e-05	5.44526e-05	0.000169381	7.20089e-05	2.32599e-05	0.000101988	0.0	3.70969e-05	6.11192e-05	0.00264701	2.25842e-05	7.24034e-05	8.02834e-05
5.02263e-05	8.01633e-05	0.000135962	5.06626e-05	0.000124629	3.26716e-05	0.000127036	0.000138017	5.55389e-05	0.000108498	0.00125574	8.65594e-05	8.60587e-05	4.94215e-05	5.48474e-05	0.000181009	5.90319e-05
0.000115035	7.83819e-05	0.0	0.000119182	9.34719e-05	9.80147e-05	0.000100374	7.20089e-05	1.51901e-05	0.000123687	0.0	0.000863828	9.37864e-05	0.000199663	0.000154863	0.000108605	8.97285e-05
6.15678e-05	0.0	0.0	2.90687e-05	3.73888e-05	0.000566307	4.31293e-05	3.00037e-05	2.27852e-05	7.81184e-05	7.84837e-05	1.58987e-05	9.94065e-05	1.3838e-05	1.29053e-05	0.0	6.37544e-05
0.000132857	1.78141e-05	0.0	7.51634e-05	0.000127745	0.000130686	8.39062e-05	0.00865907	9.6837e-05	9.7648e-05	0.000156967	0.000104225	9.34351e-05	6.52363e-05	8.38842e-05	0.0	0.000158205
1.13414e-05	0.000350937	0.000543848	0.000105478	0.000261721	0.000272263	0.000444624	0.000108013	0.00097549	0.000130197	3.92418e-05	0.000143088	8.43024e-05	0.000173964	0.000754958	0.0	0.000146399
2.10627e-05	1.60327e-05	0.0	0.000166522	0.000205638	7.62336e-05	0.000109784	0.0064748	9.39888e-05	0.000533809	0.0	0.000348004	0.000168956	8.10512e-05	6.13e-05	0.0	7.31995e-05
5.02263e-05	3.20653e-05	0.0	0.00105935	0.000289763	5.44526e-05	0.000153697	1.20015e-05	2.70574e-05	0.000180106	3.92418e-05	2.64978e-05	0.000313675	0.000144311	0.000138732	0.0	1.88902e-05
2.91637e-05	6.59121e-05	0.000135962	5.93832e-05	5.29674e-05	0.000250482	8.46903e-05	0.000690086	1.13926e-05	5.64188e-05	0.00062787	0.000893859	4.17999e-05	4.74446e-05	0.000212937	3.62017e-05	3.06966e-05
1.45818e-05	4.09724e-05	0.0	3.86199e-05	6.23146e-05	1.08905e-05	6.97911e-05	0.000408051	1.89876e-05	4.12291e-05	0.000745595	0.000832031	3.89898e-05	4.54678e-05	3.22632e-05	0.000144807	3.77804e-05
0.000215487	0.000121136	0.0	3.11451e-05	4.36202e-05	1.08905e-05	7.3712e-05	4.8006e-05	8.16469e-05	0.000125857	0.0	1.23656e-05	0.000421512	0.000120588	0.000354895	3.62017e-05	0.000106257
0.000142578	0.00021555	0.000135962	4.48489e-05	7.47775e-05	2.1781e-05	0.000119978	0.000126016	3.46525e-05	0.000132367	3.92418e-05	3.35639e-05	5.23377e-05	0.000134426	0.000661395	0.00184629	0.000302243
5.02263e-05	3.56281e-05	0.000135962	4.27725e-05	0.000109051	1.08905e-05	8.7827e-05	2.4003e-05	5.12666e-05	0.000123687	0.0	0.000367436	5.93629e-05	2.7676e-05	0.000103242	0.000108605	8.26446e-05
1.94425e-05	0.000140731	0.000951734	6.97649e-05	0.000274184	0.00561951	0.000243093	0.000150019	4.17728e-05	9.11381e-05	0.0	5.12291e-05	9.94065e-05	0.000122565	0.000177447	0.0	8.50059e-05
6.96688e-05	0.000131824	0.000951734	6.93497e-05	3.11573e-05	2.1781e-05	3.60718e-05	1.80022e-05	0.000179433	2.60395e-05	3.92418e-05	0.000127189	5.47965e-05	6.12826e-05	5.16211e-05	0.0	3.30579e-05
5.5087e-05	0.000128261	0.000271924	0.000128733	0.000183828	1.08905e-05	0.000234467	0.000318039	8.06975e-05	0.000418801	0.0	0.00109171	0.000181953	0.000314321	0.00083239	0.000651631	0.000295159
0.000152299	0.000185266	0.0	0.000132055	0.000202522	3.26716e-05	0.000246229	0.00016202	9.25648e-05	0.000132367	0.00113801	0.000160753	0.000264147	0.000164079	0.000167768	0.000108605	0.000217237
7.1289e-05	0.000229802	0.000203943	6.64428e-05	0.000221217	0.000490073	0.000154481	9.00112e-05	0.000900014	0.000110668	0.000470902	0.00169586	0.000118375	0.000142334	4.51684e-05	0.000470622	0.000108619
3.56445e-05	8.19447e-05	0.0	3.23909e-05	1.24629e-05	0.000642541	3.13668e-05	0.000102013	0.000135762	2.82094e-05	0.000196209	4.59295e-05	2.45882e-05	3.16297e-05	9.67895e-05	7.24034e-05	2.12515e-05
1.29616e-05	0.000655558	0.000815772	0.000148666	0.000333383	6.53431e-05	0.000264265	1.20015e-05	0.00255716	9.33081e-05	0.00137346	0.00113234	0.000227616	0.000195709	0.000374253	0.00224451	0.000144038
0.0	0.0	0.000951734	0.0	0.0	0.0	0.0	0.0	0.0	0.0	0.0	1.23656e-05	0.0	0.0	0.0	0.0	0.0
3.24041e-05	8.01633e-05	0.0	5.44e-05	0.000186944	3.26716e-05	8.39062e-05	0.000102013	1.32914e-05	4.9909e-05	0.000117726	0.000895625	8.18436e-05	5.73289e-05	2.58105e-05	3.62017e-05	5.19481e-05
1.45818e-05	0.000245834	0.0	1.41191e-05	5.29674e-05	2.1781e-05	2.35251e-05	7.20089e-05	0.000400165	2.38695e-05	3.92418e-05	4.7696e-05	1.15916e-05	2.37223e-05	2.58105e-05	0.000470622	2.5974e-05
2.75435e-05	4.8098e-05	0.0	5.52306e-05	8.72405e-05	1.08905e-05	5.17552e-05	0.00048606	0.000214086	0.000214826	0.000392418	0.00123656	0.000190032	3.16297e-05	3.54895e-05	0.000108605	0.000318772
6.64284e-05	5.16608e-05	0.000135962	4.94168e-05	8.41247e-05	1.08905e-05	9.17479e-05	0.000186023	0.000303802	0.000182276	7.84837e-05	7.77268e-05	0.000477713	0.000102797	0.000458137	0.000434421	7.79221e-05
5.83274e-05	3.56281e-05	0.0	0.000177734	0.000274184	0.000174248	0.000116841	0.000168021	0.00291223	0.000143217	0.000353177	4.4163e-05	0.000276442	0.000353858	2.25842e-05	0.0	0.000382527
7.1289e-05	4.45352e-05	0.0	6.43664e-05	6.85461e-05	0.0	8.07695e-05	3.00037e-05	9.20901e-05	5.85888e-05	0.000117726	0.00136022	7.51696e-05	0.000328159	3.22632e-05	3.62017e-05	5.66706e-05
0.000102073	0.000130043	0.0	7.1426e-05	5.91989e-05	2.1781e-05	5.72444e-05	0.000114014	3.56018e-05	7.81184e-05	3.92418e-05	0.000960986	8.53562e-05	6.72132e-05	3.54895e-05	3.62017e-05	3.77804e-05
2.91637e-05	3.9191e-05	0.0	3.48825e-05	5.60832e-05	3.26716e-05	8.46903e-05	7.20089e-05	5.36401e-05	4.9909e-05	0.000117726	8.30264e-05	2.21294e-05	2.96529e-05	1.61316e-05	0.000579227	4.48642e-05
1.78223e-05	6.23492e-05	0.0	1.03817e-05	4.98517e-05	0.000392059	2.50934e-05	0.0	0.00016187	1.08498e-05	0.0	0.0	1.29966e-05	3.75603e-05	3.22632e-05	0.0	2.5974e-05
9.55921e-05	6.76935e-05	0.0	3.5713e-05	5.91989e-05	1.08905e-05	7.8417e-05	3.60045e-05	3.89247e-05	4.7739e-05	7.84837e-05	1.23656e-05	6.99007e-05	0.000462585	4.83947e-05	7.24034e-05	7.31995e-05
4.37455e-05	5.52236e-05	0.0	0.000937674	0.00023368	0.000108905	9.64529e-05	2.4003e-05	6.07605e-05	0.000232185	3.92418e-05	2.29647e-05	0.000114511	0.000310367	0.000112921	7.24034e-05	3.77804e-05
1.29616e-05	3.20653e-05	0.000135962	4.36031e-05	0.000177597	0.000108905	8.07695e-05	0.000114014	0.000448583	0.000351533	0.0	0.00218518	9.65965e-05	0.000142334	1.29053e-05	0.000434421	0.000304604
3.40243e-05	0.000226239	0.0	0.0	2.49258e-05	0.000555416	1.25467e-05	4.8006e-05	3.89247e-05	3.68892e-05	0.000156967	1.58987e-05	0.000128561	6.32595e-05	0.0	0.0	0.0
1.13414e-05	7.30377e-05	0.0	2.4916e-05	0.000168249	6.53431e-05	7.8417e-05	0.000150019	6.64568e-05	6.94386e-05	0.0	9.89251e-05	0.000165795	3.36066e-05	7.0979e-05	0.000543026	1.41677e-05
5.34668e-05	0.000165671	0.000135962	2.61618e-05	5.29674e-05	1.08905e-05	6.90069e-05	1.80022e-05	0.000551591	4.33991e-05	3.92418e-05	5.29956e-05	6.11192e-05	0.00013245	6.45263e-05	0.000108605	6.37544e-05
0.000131237	2.85025e-05	0.0	0.000218015	0.00021187	8.71241e-05	7.44961e-05	0.000198025	9.82611e-05	0.000232185	0.0	5.47621e-05	0.000271524	0.00278144	1.61316e-05	0.0	0.000262102
2.59233e-05	0.000156764	0.000339905	4.40183e-05	9.65877e-05	7.62336e-05	6.74386e-05	0.000246031	9.35142e-05	6.29287e-05	0.000470902	0.0015881	8.922e-05	6.91901e-05	3.87158e-05	0.000108605	7.31995e-05
0.000105313	0.000122917	0.000203943	9.50962e-05	0.00021187	0.0033325	0.000167028	0.000708088	0.000147154	0.000101988	0.00247224	0.000906224	9.41376e-05	0.000312344	0.000803353	0.000687833	5.66706e-05
0.000103693	7.48191e-05	0.00183549	5.14932e-05	3.11573e-05	2.1781e-05	3.99927e-05	0.000186023	0.000536876	3.25493e-05	0.000353177	7.94934e-05	2.91546e-05	4.34909e-05	0.000293595	3.62017e-05	5.66706e-05
0.000275435	0.000210206	0.0	0.000199744	0.000130861	0.000141577	0.000246229	0.000234029	7.35771e-05	0.000277754	0.00156967	3.53304e-05	0.000167551	8.50049e-05	0.000203258	0.000470622	0.000146399
0.000100453	0.0	0.0	0.000149912	0.000127745	1.08905e-05	0.00016546	0.000366045	0.0	3.47193e-05	7.84837e-05	2.47313e-05	9.7299e-05	0.00027676	0.0	0.0	8.50059e-05
5.34668e-05	8.19447e-05	0.00156356	0.000145344	0.000105935	2.1781e-05	0.000163891	0.000138017	0.000336556	0.000104158	0.000353177	0.000473427	0.000109944	7.90744e-05	0.0012873	0.000325815	6.8477e-05
1.29616e-05	1.42513e-05	0.000407886	2.28397e-05	2.18101e-05	1.08905e-05	5.25394e-05	0.000138017	2.04117e-05	9.7648e-05	0.0	0.000234947	2.73983e-05	8.10512e-05	2.25842e-05	0.0	1.41677e-05
6.64284e-05	3.02839e-05	0.000135962	5.68916e-05	0.000105935	3.26716e-05	9.09637e-05	1.20015e-05	0.000147154	0.000128027	7.84837e-05	7.59603e-05	0.000216376	0.000913309	1.93579e-05	3.62017e-05	0.000134593
9.39719e-05	0.000106884	0.000135962	7.26718e-05	0.000162018	0.0	9.72371e-05	0.000114014	7.97481e-05	0.000119348	0.000196209	8.65594e-05	0.000127507	0.0014609	3.54895e-05	3.62017e-05	0.000146399
5.5087e-05	9.97588e-05	0.0010877	6.47817e-05	0.00021187	1.08905e-05	0.000113705	9.60119e-05	0.00010728	0.000138877	3.92418e-05	1.58987e-05	0.00013383	6.52363e-05	3.22632e-05	0.000144807	9.91736e-05
0.000191184	6.59121e-05	0.000135962	0.000136208	0.000239911	9.80147e-05	0.000140366	0.000180022	0.00108562	0.000104158	0.000313935	0.00044163	8.1141e-05	0.000116635	2.90368e-05	7.24034e-05	8.73672e-05
0.000184703	6.76935e-05	0.00122366	0.000531958	0.000196291	0.0	0.00049089	1.80022e-05	0.000566307	0.000390592	7.84837e-05	5.65286e-05	0.000236398	0.000189778	0.000132279	0.000144807	0.000380165
0.000144198	0.000171015	0.000203943	0.00017815	0.000535906	8.71241e-05	0.000261913	0.000636079	0.000213611	0.000247375	0.000667111	0.00203856	0.000327023	0.000243154	5.16211e-05	7.24034e-05	0.000460449
1.94425e-05	8.19447e-05	0.00149558	2.3255e-05	2.18101e-05	1.08905e-05	3.05826e-05	0.000126016	7.69e-05	5.42489e-05	0.000313935	0.000229647	3.44235e-05	4.1514e-05	0.000248426	0.00021721	2.5974e-05
2.43031e-05	6.94749e-05	0.0	0.00350403	0.000118398	1.08905e-05	6.58703e-05	4.8006e-05	3.98741e-05	5.64188e-05	3.92418e-05	0.000254379	5.93629e-05	7.51206e-05	6.77526e-05	7.24034e-05	3.54191e-05
8.7491e-05	0.000256523	0.00067981	3.48825e-05	0.000115282	0.000108905	9.56687e-05	2.4003e-05	0.000131015	7.81184e-05	0.000235451	0.000348004	4.95276e-05	7.31438e-05	0.000212937	0.000977446	0.000160567
5.83274e-05	0.000103322	0.000203943	3.86199e-05	0.000214985	7.62336e-05	0.000153697	0.00346243	6.17098e-05	5.85888e-05	0.000981046	0.00216575	0.000243072	5.73289e-05	6.13e-05	0.0	0.000132231
2.10627e-05	4.8098e-05	0.0	1.74412e-05	1.55787e-05	1.08905e-05	3.05826e-05	0.0	1.04432e-05	4.7739e-05	3.92418e-05	0.000386868	3.61798e-05	5.73289e-05	7.0979e-05	3.62017e-05	2.12515e-05
0.000103693	4.27538e-05	0.0	9.30199e-05	9.34719e-05	3.26716e-05	0.000171733	9.00112e-05	1.13926e-05	0.000125857	0.0	3.88634e-05	0.000125751	3.55835e-05	4.19421e-05	3.62017e-05	0.000451004
0.000150679	0.0	0.0	0.000253728	0.000448665	0.0	0.000276028	0.000318039	1.13926e-05	0.000418801	0.0	0.000215515	0.000366364	1.77917e-05	0.00040329	0.0	0.00042503
0.000907315	0.00032956	0.000271924	0.00195923	0.00108739	0.00331072	0.00163578	0.00271834	0.000143831	0.00150595	0.000353177	0.00430147	0.00228881	0.00149648	0.000809805	0.000108605	0.00152538
1.29616e-05	1.95955e-05	0.000883753	1.91023e-05	4.05045e-05	0.0	5.88127e-05	6.00074e-05	0.000106806	2.82094e-05	0.0	4.59295e-05	2.98571e-05	1.58149e-05	4.19421e-05	7.24034e-05	5.43093e-05
0.000165261	0.000311746	0.00067981	0.000359622	0.000972108	0.000816789	0.000669681	6.60082e-05	0.00197661	0.000399272	0.000510144	0.00231944	0.00069971	0.00037758	0.000238747	0.000651631	0.000755608
1.13414e-05	1.06884e-05	0.000271924	2.61618e-05	0.000102819	0.000163358	6.66544e-05	0.000132016	0.000215984	6.29287e-05	0.000274693	8.65594e-05	0.000123292	3.16297e-05	0.000167768	0.000398219	0.000120425
5.34668e-05	0.0	0.0	6.22901e-05	6.85461e-05	0.00147022	2.66618e-05	0.000522065	0.000172313	9.33081e-05	0.000235451	0.000187251	4.07461e-05	3.55835e-05	1.29053e-05	0.000144807	4.01417e-05
2.91637e-05	0.0	0.0	8.01466e-05	0.00019006	0.00215632	6.50861e-05	0.000366045	2.23105e-05	4.9909e-05	0.000313935	0.000150154	4.461e-05	1.58149e-05	7.74316e-05	0.000108605	3.06966e-05
0.000119895	8.37261e-05	0.000543848	0.000160708	0.000105935	1.08905e-05	7.68486e-05	0.000108013	0.000111078	5.20789e-05	3.92418e-05	9.36255e-05	5.79579e-05	0.000128496	0.000161316	3.62017e-05	4.01417e-05
1.45818e-05	2.67211e-05	0.000475867	2.4916e-05	3.11573e-05	2.1781e-05	2.58776e-05	1.20015e-05	4.03487e-05	3.47193e-05	3.92418e-05	8.8326e-05	2.49395e-05	6.72132e-05	4.83947e-05	3.62017e-05	2.36128e-05
9.55921e-05	1.24698e-05	0.000271924	3.65435e-05	7.78933e-05	0.000163358	0.000176438	0.00032404	0.000197946	6.29287e-05	7.84837e-05	9.36255e-05	0.000171766	0.000231292	0.000290368	0.000470622	5.19481e-05
5.5087e-05	6.94749e-05	0.0	1.03817e-05	1.55787e-05	1.08905e-05	2.74459e-05	4.8006e-05	4.03487e-05	1.51897e-05	3.92418e-05	1.94317e-05	4.35562e-05	1.3838e-05	0.000677526	0.0	1.65289e-05
8.10102e-05	0.000413286	0.0	2.61618e-05	0.000271069	0.000947475	7.3712e-05	0.0	0.000723904	0.000151897	3.92418e-05	9.36255e-05	3.58285e-05	1.77917e-05	0.000141958	0.0	6.13932e-05
0.000116655	0.0020219	0.000135962	0.000100495	0.00021187	0.000152467	0.000514415	0.0	0.00326255	0.000154067	0.000235451	0.000194317	6.60369e-05	0.000110704	0.000945311	0.000253412	7.79221e-05
0.000100453	0.000131824	0.0	3.28061e-05	0.000261721	0.000544526	4.86185e-05	1.20015e-05	0.000163294	0.000162747	0.000117726	0.000114824	6.46318e-05	6.32595e-05	5.48474e-05	0.0	4.01417e-05
6.64284e-05	4.8098e-05	0.000475867	9.09436e-05	0.000162018	2.1781e-05	7.92012e-05	6.00074e-05	0.000165667	0.000123687	7.84837e-05	0.000264978	0.000151393	0.000940985	5.48474e-05	0.0	6.8477e-05
5.34668e-05	0.00127371	0.0	3.28061e-05	5.29674e-05	2.1781e-05	0.000135661	4.8006e-05	1.18673e-05	4.7739e-05	7.84837e-05	0.000144855	7.30621e-05	9.48892e-05	8.71105e-05	0.0	6.37544e-05
0.000233309	0.000219113	0.000203943	0.000173997	0.000567063	0.000294044	0.000472854	8.40104e-05	0.000266776	0.000238695	0.00404191	0.00125423	0.000375848	0.000324205	0.000838842	3.62017e-05	0.000597403
6.80486e-05	6.23492e-05	0.0	4.48489e-05	9.65877e-05	1.08905e-05	7.92012e-05	0.000150019	0.000100635	7.37785e-05	0.00117726	2.82643e-05	5.83091e-05	6.32595e-05	0.000132279	3.62017e-05	5.19481e-05
0.0	8.19447e-05	0.000135962	4.36031e-05	9.03562e-05	5.44526e-05	5.17552e-05	0.000744092	7.50012e-05	6.72686e-05	0.0	7.06608e-05	5.51478e-05	0.000168033	1.93579e-05	0.0	0.000113341
2.75435e-05	2.49397e-05	0.000135962	4.56794e-05	6.23146e-05	2.1781e-05	6.43019e-05	3.00037e-05	0.000219307	6.29287e-05	0.000117726	0.000109524	0.00010046	0.00107739	1.93579e-05	3.62017e-05	5.19481e-05
1.29616e-05	0.000135387	0.000475867	0.000181472	8.72405e-05	0.000108905	3.76402e-05	1.20015e-05	1.2342e-05	4.55691e-05	0.0	0.000104225	3.89898e-05	5.33752e-05	0.000119374	3.62017e-05	0.000403778
0.000173362	0.0	0.0	2.15939e-05	0.000112166	4.35621e-05	9.56687e-05	0.00151819	2.70574e-05	0.000318983	0.0	4.23965e-05	4.25024e-05	6.12826e-05	1.61316e-05	0.0	5.90319e-05
0.000272194	0.000723251	0.00584636	0.000167353	0.000666766	0.00203653	0.000276812	0.00113414	0.000817893	0.000279924	0.00043166	0.00164993	0.000277847	0.000243154	0.000290368	0.000941245	0.000269185
2.43031e-05	0.000197736	0.00149558	3.73741e-05	9.34719e-05	0.000435621	9.09637e-05	0.000102013	0.000641308	3.25493e-05	0.000863321	0.000450462	6.46318e-05	0.000179894	0.000141958	0.000687833	5.43093e-05
4.37455e-05	2.31583e-05	0.0	4.27725e-05	7.16618e-05	0.000185139	6.03811e-05	4.8006e-05	0.000890995	6.29287e-05	0.000156967	1.58987e-05	7.69259e-05	8.50049e-05	1.61316e-05	3.62017e-05	3.77804e-05
1.29616e-05	6.41307e-05	0.0	1.16275e-05	3.73888e-05	0.000141577	2.58776e-05	0.0	4.79438e-05	1.08498e-05	0.0	6.71277e-05	2.17781e-05	2.17454e-05	5.16211e-05	0.0020273	0.000103896
5.5087e-05	1.42513e-05	0.0	0.000122919	0.000127745	8.71241e-05	4.07768e-05	0.000174022	6.12352e-05	0.000136707	3.92418e-05	4.59295e-05	0.000180548	0.000583173	5.16211e-05	7.24034e-05	0.000151122
0.000119895	2.49397e-05	0.000271924	6.14596e-05	0.000165134	0.000490073	0.000174086	3.60045e-05	0.000316144	0.000199636	0.000313935	5.29956e-05	0.000149637	0.00115844	0.000209711	0.000108605	0.00110508
1.13414e-05	4.09724e-05	0.000135962	1.66107e-05	4.05045e-05	2.1781e-05	4.1561e-05	0.000714089	0.000148578	0.000121517	3.92418e-05	0.000199617	8.21948e-05	4.34909e-05	4.19421e-05	0.0	0.000144038
5.83274e-05	5.16608e-05	0.0010877	0.00413772	0.000174481	8.71241e-05	9.80212e-05	0.000186023	0.000162344	0.000219165	0.000470902	0.000369203	0.000188275	0.000160126	0.000174221	0.000941245	9.4451e-05
5.5087e-05	1.42513e-05	0.0	0.000100495	3.73888e-05	1.08905e-05	4.1561e-05	3.60045e-05	1.89876e-05	3.90592e-05	0.0	2.11982e-05	2.10756e-05	0.000733415	2.25842e-05	7.24034e-05	6.37544e-05
2.10627e-05	1.06884e-05	0.000407886	6.60275e-05	0.000127745	8.71241e-05	4.94027e-05	4.8006e-05	4.6045e-05	0.000273414	7.84837e-05	0.00020315	0.000108188	4.94215e-05	6.13e-05	7.24034e-05	0.00011098
8.10102e-05	1.06884e-05	0.0	7.18413e-05	0.000392582	0.000163358	8.54745e-05	0.0	7.50012e-05	0.000106328	3.92418e-05	0.000219048	0.00010327	0.000251061	3.22632e-05	0.0	0.000212515
7.29092e-05	5.52236e-05	0.0	1.37038e-05	3.11573e-05	3.26716e-05	8.93954e-05	1.20015e-05	0.000103957	3.03794e-05	0.0	1.41322e-05	1.96706e-05	1.18612e-05	0.000109695	0.000615429	2.36128e-05
8.42506e-05	6.59121e-05	0.0	0.000203896	7.16618e-05	4.35621e-05	0.000167812	3.60045e-05	1.70889e-05	0.000136707	0.0	0.0016411	0.000171064	0.000130473	0.000212937	7.24034e-05	7.79221e-05
0.000346724	0.00021555	6.7981e-05	4.60947e-05	0.000196291	1.08905e-05	0.000152913	0.000312039	0.000602858	0.000167087	0.00062787	0.000280877	0.000737646	0.00177127	4.83947e-05	0.000181009	0.000231405
8.42506e-05	0.000377658	0.00183549	3.11451e-05	0.000227448	0.000174248	8.86112e-05	2.4003e-05	0.000663144	5.85888e-05	0.000313935	0.000295009	5.4094e-05	9.88429e-05	0.000209711	0.000181009	3.06966e-05
0.00143064	0.000260085	0.000135962	0.000213447	0.00135223	0.000816789	0.000612437	0.000528065	0.000290986	0.000414461	0.000313935	0.000224348	0.000483334	0.00274981	0.000190353	7.24034e-05	0.000476978
6.3188e-05	0.000167452	0.000135962	6.18748e-05	0.000118398	4.35621e-05	7.99853e-05	6.00074e-05	3.41778e-05	8.24583e-05	0.0	0.00131959	6.70906e-05	2.56992e-05	7.0979e-05	7.24034e-05	4.95868e-05
8.58708e-05	8.90704e-05	6.7981e-05	5.23237e-05	3.4273e-05	0.000402949	0.000116057	6.60082e-05	0.000119147	7.81184e-05	3.92418e-05	1.05991e-05	6.49831e-05	5.13983e-05	4.83947e-05	0.000181009	4.95868e-05
2.43031e-05	0.0	0.0	3.77893e-05	6.85461e-05	1.08905e-05	7.21436e-05	4.8006e-05	1.94623e-05	4.12291e-05	7.84837e-05	6.53612e-05	3.75848e-05	0.00134426	1.29053e-05	3.62017e-05	0.000146399
7.29092e-05	0.00114723	0.0	1.7026e-05	0.000361425	0.000468292	7.3712e-05	3.00037e-05	0.000769474	0.000106328	0.0	0.000148388	7.76284e-05	3.36066e-05	0.000325858	0.000144807	2.12515e-05
2.59233e-05	1.42513e-05	0.000271924	0.000305637	0.000822553	0.0035612	0.00073712	0.000180022	0.000101584	0.000316813	0.000588628	0.000561753	0.000332994	0.00027083	0.000590416	0.0	0.000448642
2.59233e-05	2.49397e-05	0.00122366	4.31878e-05	6.85461e-05	0.0	3.84243e-05	0.000132016	0.000237346	3.90592e-05	0.000235451	0.000125423	7.41158e-05	0.000937031	1.29053e-05	7.24034e-05	4.2503e-05
3.24041e-05	0.000137168	0.00067981	2.78229e-05	1.86944e-05	3.26716e-05	3.45035e-05	6.00074e-05	9.16154e-05	2.82094e-05	0.000117726	0.000114824	3.5126e-05	1.97686e-05	0.000167768	7.24034e-05	5.90319e-05
7.45294e-05	2.13769e-05	0.0	1.45344e-05	1.55787e-05	1.08905e-05	2.35251e-05	1.20015e-05	3.60765e-05	1.95296e-05	3.92418e-05	2.64978e-05	3.58285e-05	1.77917e-05	0.000180674	0.000398219	1.18064e-05
5.02263e-05	0.000452477	0.000135962	2.57466e-05	0.000202522	0.000533635	3.05826e-05	0.0	0.000128167	6.72686e-05	0.0	1.23656e-05	1.58067e-05	2.7676e-05	5.48474e-05	0.0	5.66706e-05
9.07315e-05	0.000147857	0.000543848	0.000307298	8.41247e-05	1.08905e-05	0.000188985	4.20052e-05	5.69629e-05	0.000275584	0.000196209	0.000425731	0.000156311	0.00017001	0.000409742	0.000253412	0.000153483
0.000187944	0.000154982	0.000475867	4.15267e-05	6.54303e-05	5.44526e-05	7.99853e-05	1.20015e-05	5.60136e-05	4.7739e-05	3.92418e-05	2.29647e-05	5.12839e-05	0.000152218	5.48474e-05	0.000108605	9.91736e-05
5.18465e-05	6.05678e-05	0.000815772	9.4681e-05	0.000124629	2.1781e-05	0.000110568	2.4003e-05	0.000121046	9.33081e-05	0.000196209	7.06608e-05	0.000120131	8.69818e-05	0.000258105	3.62017e-05	8.97285e-05
2.59233e-05	1.78141e-05	0.000475867	0.000193099	5.91989e-05	4.35621e-05	5.0971e-05	4.20052e-05	2.23105e-05	6.50987e-05	0.000156967	2.64978e-05	4.07461e-05	0.000134426	1.61316e-05	0.0	1.41677e-05
0.000324041	8.19447e-05	0.0	8.22229e-05	4.05045e-05	0.000337606	0.000139582	0.000180022	0.000152376	0.000115008	0.000981046	5.47621e-05	5.90117e-05	0.000474446	2.90368e-05	0.000108605	0.000311688
1.94425e-05	7.12563e-05	0.000135962	8.92825e-05	0.000202522	0.00108905	0.000121546	0.000102013	6.36086e-05	6.94386e-05	0.000117726	0.000936255	7.13058e-05	9.88429e-05	1.93579e-05	0.000108605	3.77804e-05
9.23517e-05	8.01633e-05	0.0	0.000387029	9.34719e-05	2.1781e-05	0.000107431	4.20052e-05	8.49697e-05	0.000121517	0.0	1.05991e-05	9.30839e-05	4.1514e-05	5.80737e-05	7.24034e-05	5.90319e-05
3.24041e-05	0.000365188	0.00163154	0.000191023	0.000526558	0.00160091	0.000185848	0.000414051	0.000980712	0.000379742	0.000588628	0.000383335	0.000242721	0.000197686	0.000229068	0.000181009	0.000299882
2.10627e-05	0.000254741	0.00149558	8.51298e-05	0.000367656	4.35621e-05	0.000160755	0.000174022	0.000379753	0.000132367	0.000235451	0.000167819	0.000110647	0.000110704	0.000287142	0.000579227	0.000193625
3.40243e-05	6.94749e-05	0.00135962	6.97649e-05	0.000102819	3.26716e-05	5.72444e-05	4.20052e-05	0.000136236	7.16085e-05	0.000313935	9.36255e-05	4.28537e-05	0.000318274	5.16211e-05	7.24034e-05	3.30579e-05
0.000212247	1.06884e-05	0.0	9.80031e-05	8.1009e-05	0.00021781	9.33162e-05	4.8006e-05	7.12037e-05	0.000104158	0.0	3.53304e-05	8.21948e-05	0.000575266	1.29053e-05	3.62017e-05	5.90319e-05
0.000115035	5.52236e-05	0.000951734	9.67573e-05	7.78933e-05	0.000740555	9.64529e-05	1.20015e-05	0.000308075	0.000184446	0.000235451	0.00012189	0.000101865	8.50049e-05	0.000138732	0.000289614	0.000115702
0.000774458	3.56281e-05	0.0	4.56794e-05	0.000118398	1.08905e-05	5.88127e-05	0.000150019	1.8513e-05	0.000128027	0.000588628	9.71586e-05	4.35562e-05	5.73289e-05	1.29053e-05	0.0	0.000120425
8.10102e-05	9.26332e-05	6.7981e-05	5.81374e-05	5.60832e-05	2.1781e-05	6.03811e-05	9.00112e-05	9.96851e-05	7.16085e-05	0.0	0.000752537	9.0625e-05	5.93058e-05	5.48474e-05	0.000108605	4.2503e-05
0.000233309	5.52236e-05	0.0	7.26718e-05	6.85461e-05	4.35621e-05	8.54745e-05	0.00016202	9.73117e-05	8.02883e-05	0.00172664	0.000453995	5.12839e-05	2.56992e-05	0.000100016	0.000108605	6.8477e-05
4.21253e-05	0.000103322	0.000203943	0.000116275	0.000246143	0.00100193	0.000185064	0.000318039	0.000528806	0.000138877	0.00062787	0.000459295	7.72772e-05	2.17454e-05	0.000303274	0.00021721	8.50059e-05
1.6202e-05	1.06884e-05	0.0	1.57802e-05	3.11573e-05	0.0	3.52876e-05	0.000102013	0.000124844	2.38695e-05	0.000235451	5.82951e-05	4.03949e-05	5.93058e-05	0.0001226	0.000543026	1.65289e-05
3.72647e-05	6.76935e-05	0.000271924	2.24244e-05	2.49258e-05	1.08905e-05	5.33235e-05	3.60045e-05	7.45265e-05	4.7739e-05	3.92418e-05	0.000466361	2.88033e-05	5.73289e-05	4.19421e-05	3.62017e-05	0.000101535
2.10627e-05	3.20653e-05	0.000339905	1.7026e-05	2.18101e-05	0.000141577	5.25394e-05	0.0	0.000538774	2.82094e-05	0.000196209	0.000749004	2.81008e-05	1.3838e-05	1.93579e-05	0.000108605	3.77804e-05
4.21253e-05	0.000194173	0.000815772	0.000160708	0.000389466	0.00104549	0.000326215	0.000570071	0.000126268	0.000175766	0.00137346	0.00227174	0.000302786	0.000166056	0.000190353	3.62017e-05	0.000132231
1.78223e-05	0.000130043	0.000407886	0.000159047	0.0002773	0.000435621	0.000317589	0.000210026	6.78808e-05	0.000132367	0.000745595	0.000317973	0.000281008	0.000110704	0.000251653	0.0	0.000165289
0.000170121	4.63166e-05	0.000951734	0.00379887	0.000246143	0.000141577	0.000164676	0.000180022	0.000616149	0.000175766	0.000117726	0.000150154	0.000242721	0.000211524	0.000177447	3.62017e-05	0.000106257
4.86061e-05	2.49397e-05	0.0	5.31542e-05	7.16618e-05	0.000141577	7.21436e-05	4.20052e-05	0.00029146	9.7648e-05	0.0	0.000104225	5.90117e-05	0.000385487	2.25842e-05	0.0	0.00109091
0.000207386	9.79774e-05	0.0	0.000123334	0.000168249	0.000152467	0.000196042	0.000426053	4.12981e-05	0.000169257	0.000117726	0.0016252	0.000109944	9.68661e-05	0.000409742	7.24034e-05	0.000139315
6.48082e-05	0.000546892	0.0	1.41191e-05	4.6736e-05	0.000381168	2.43093e-05	1.20015e-05	9.39888e-05	2.16996e-05	0.0	7.06608e-05	2.42369e-05	5.33752e-05	6.45263e-05	0.0	3.54191e-05
9.55921e-05	3.74095e-05	0.0	3.07298e-05	5.91989e-05	0.000174248	9.01795e-05	0.000192024	4.36716e-05	0.000145387	3.92418e-05	9.00925e-05	0.000364959	0.00147869	0.0	0.0	8.50059e-05
3.40243e-05	2.13769e-05	0.0	8.8452e-05	0.000105935	2.1781e-05	5.25394e-05	0.00111014	2.08864e-05	0.000275584	3.92418e-05	0.000105991	0.000118375	1.97686e-05	0.0	7.24034e-05	0.000162928
9.88325e-05	4.98794e-05	0.000135962	8.3884e-05	0.000118398	1.08905e-05	0.000126251	2.4003e-05	0.000130065	0.000106328	0.000156967	0.000512291	0.000148583	0.00027676	0.000112921	0.0	6.61157e-05
0.000127996	1.42513e-05	0.0	6.64428e-05	0.00193487	0.000108905	4.23452e-05	4.20052e-05	2.70574e-05	4.33991e-05	0.0	1.58987e-05	9.02738e-05	0.000160126	3.87158e-05	7.24034e-05	0.000103896
2.43031e-05	0.000580739	0.00353501	0.000159047	0.000333383	0.000664322	0.000352092	0.000180022	0.000230225	5.42489e-05	0.00231527	0.00141851	0.00022024	0.00013838	0.000358121	0.0	0.000170012
2.10627e-05	0.000545111	0.0135282	4.31878e-05	0.000130861	0.000294044	0.000101158	7.80097e-05	8.11722e-05	1.95296e-05	0.00776989	0.000867361	0.000136289	4.94215e-05	0.00122923	3.62017e-05	1.41677e-05
3.56445e-05	0.000204862	0.000135962	4.8171e-05	5.60832e-05	2.1781e-05	4.46977e-05	2.4003e-05	0.000340354	1.73596e-05	0.000156967	0.000128956	6.28755e-05	0.000933077	6.13e-05	3.62017e-05	5.19481e-05
3.24041e-05	0.00011401	0.000271924	6.64428e-05	0.000105935	3.26716e-05	8.70428e-05	0.000156019	0.00010728	8.67982e-05	7.84837e-05	0.0020209	7.58721e-05	0.000120588	0.0002452	0.00021721	0.000172373
1.94425e-05	3.56281e-05	0.000339905	1.95176e-05	4.98517e-05	5.44526e-05	2.43093e-05	3.00037e-05	4.79438e-05	3.47193e-05	0.000117726	0.00102988	1.86168e-05	2.7676e-05	2.58105e-05	0.000181009	4.72255e-05
2.75435e-05	4.63166e-05	6.7981e-05	4.40183e-05	4.05045e-05	2.1781e-05	4.78344e-05	3.60045e-05	6.40833e-05	4.7739e-05	0.000510144	0.000743705	4.49613e-05	1.3838e-05	0.000151637	0.000144807	4.72255e-05
7.45294e-05	0.000158545	0.000543848	9.09436e-05	0.000155787	1.08905e-05	0.000160755	7.20089e-05	7.12037e-05	0.000141047	7.84837e-05	0.000148388	0.000110647	0.000189778	0.000125826	3.62017e-05	0.000172373
3.40243e-05	8.01633e-05	0.00421482	3.32214e-05	9.65877e-05	0.00021781	5.80286e-05	0.000426053	0.000157123	4.9909e-05	0.000117726	0.000189018	4.28537e-05	4.54678e-05	1.93579e-05	0.0	5.90319e-05
8.10102e-05	9.26332e-05	0.000883753	4.40183e-05	0.000124629	0.000185139	0.000106647	0.000192024	4.50957e-05	5.85888e-05	0.0	1.94317e-05	5.09327e-05	4.54678e-05	6.13e-05	3.62017e-05	5.19481e-05
4.21253e-05	6.41307e-05	0.0	1.7026e-05	1.24629e-05	3.26716e-05	4.6266e-05	0.000108013	0.000595737	3.47193e-05	7.84837e-05	3.53304e-05	1.05378e-05	0.0	2.90368e-05	3.62017e-05	1.65289e-05
6.80486e-05	5.34422e-05	0.0	0.000109215	0.000258606	0.000130686	0.000115273	8.40104e-05	0.000835456	8.24583e-05	7.84837e-05	7.77268e-05	0.000130669	9.88429e-05	1.61316e-05	0.0	0.000118064
3.07839e-05	4.98794e-05	0.0	9.13588e-05	0.000102819	0.0	5.41077e-05	1.80022e-05	1.80383e-05	9.7648e-05	0.00133422	3.53304e-05	0.000142612	0.00017594	2.90368e-05	0.000108605	5.90319e-05
0.000430974	2.85025e-05	0.0	8.59603e-05	0.000118398	0.000827679	0.000189769	2.4003e-05	2.08864e-05	0.000119348	0.000117726	1.94317e-05	5.54991e-05	6.52363e-05	0.000138732	3.62017e-05	7.55608e-05
0.000696688	9.08518e-05	0.0	0.000194345	0.000149555	1.08905e-05	0.000561466	0.00016202	5.79123e-05	0.000314644	7.84837e-05	3.35639e-05	0.000376199	0.000227339	0.000271011	3.62017e-05	0.000323495
0.000115035	9.08518e-05	0.0	7.72397e-05	5.60832e-05	3.26716e-05	8.07695e-05	0.000126016	0.000103008	7.81184e-05	0.0	0.00183718	6.42806e-05	5.73289e-05	5.16211e-05	0.000181009	6.37544e-05
0.000265714	2.13769e-05	0.0	7.26718e-05	0.000102819	0.000805898	6.97911e-05	3.00037e-05	2.70574e-05	7.37785e-05	0.0	1.94317e-05	9.65965e-05	8.50049e-05	0.0	0.0	6.37544e-05
4.21253e-05	1.06884e-05	0.0	3.61283e-05	6.54303e-05	0.000522745	0.000139582	0.00108613	6.40833e-05	0.000112838	0.000510144	0.000618282	0.000130669	7.11669e-05	0.000790448	0.000941245	9.4451e-05
0.000223588	0.000144294	0.000339905	0.0035277	0.000149555	5.44526e-05	9.80212e-05	0.000126016	9.0666e-05	7.37785e-05	0.0	0.000194317	0.000167902	9.09355e-05	5.48474e-05	0.000144807	7.55608e-05
0.000105313	0.000399035	6.7981e-05	6.89344e-05	8.41247e-05	5.44526e-05	6.97911e-05	0.000108013	0.000146205	0.000115008	0.00133422	0.000141322	9.44889e-05	1.18612e-05	0.000442005	0.0	4.2503e-05
0.000116655	6.05678e-05	0.0	6.18748e-05	7.47775e-05	3.26716e-05	7.3712e-05	4.8006e-05	1.75636e-05	0.000141047	0.000706353	2.11982e-05	9.0625e-05	2.37223e-05	6.77526e-05	3.62017e-05	0.000245573
0.000179843	0.000454259	6.7981e-05	0.000280305	0.000143324	9.80147e-05	0.000283869	0.00048606	0.000234972	0.000199636	0.000549386	0.00172059	0.000242369	0.000140357	0.00110663	3.62017e-05	0.000193625
7.45294e-05	7.66005e-05	0.0	2.11786e-05	0.000102819	0.0	6.35178e-05	1.20015e-05	4.17728e-05	6.50987e-05	0.000510144	1.23656e-05	0.000125049	1.3838e-05	0.000116147	0.0	6.13932e-05
4.69859e-05	2.49397e-05	0.0	2.98993e-05	0.000102819	8.71241e-05	5.25394e-05	1.20015e-05	2.04117e-05	3.47193e-05	0.0	4.23965e-05	1.01865e-05	0.000448747	0.0	0.0	2.36128e-05
5.5087e-05	5.87864e-05	0.000407886	0.00102571	0.000137092	0.000108905	9.48845e-05	2.4003e-05	0.000113926	0.000128027	0.000117726	1.94317e-05	0.000111701	0.000332112	0.000141958	7.24034e-05	2.83353e-05
4.69859e-05	0.00050592	0.000135962	5.81374e-05	0.000140208	0.0	8.15537e-05	0.0	0.00109131	6.07587e-05	0.000313935	6.88942e-05	5.19865e-05	7.51206e-05	0.000348442	0.000325815	3.06966e-05
0.000123136	0.000112229	0.000271924	5.10779e-05	7.16618e-05	1.08905e-05	0.000223488	0.000696086	0.000255859	7.37785e-05	0.000156967	2.64978e-05	6.11192e-05	4.34909e-05	0.000271011	0.000144807	5.66706e-05
3.24041e-05	0.000970867	0.00292318	0.000866663	0.00226202	0.000435621	0.000946493	0.000186023	0.00182471	0.000802883	0.00223679	0.0019679	0.00161896	0.000496192	0.000338763	0.000905043	0.00127509
0.000170121	0.000190611	0.0	0.000364605	0.000345846	1.08905e-05	0.000135661	0.000294036	0.000133388	0.000190956	0.000117726	0.00187074	0.00030103	0.000719577	8.06579e-05	0.00021721	0.000141677
1.29616e-05	1.42513e-05	0.000135962	2.24244e-05	4.98517e-05	0.0	2.66618e-05	0.000294036	6.31339e-05	0.000210486	0.000549386	8.47929e-05	3.68823e-05	2.7676e-05	2.58105e-05	0.0	5.43093e-05
6.3188e-05	9.97588e-05	0.0	3.73741e-05	5.29674e-05	1.08905e-05	4.31293e-05	0.000132016	5.31654e-05	2.60395e-05	3.92418e-05	0.000132489	3.16134e-05	1.97686e-05	3.22632e-05	0.000506824	3.06966e-05
3.72647e-05	1.24698e-05	0.0	7.89008e-05	0.000165134	0.000174248	7.68486e-05	0.00117015	6.31339e-05	7.59484e-05	0.000784837	0.000171352	6.32268e-05	5.13983e-05	5.16211e-05	0.0	3.54191e-05
9.23517e-05	0.00010154	0.0	9.59268e-05	0.000171365	0.000882132	0.000145071	0.000192024	9.39888e-05	0.000162747	0.000117726	2.11982e-05	0.000164741	9.88429e-05	0.00034199	0.000181009	0.000165289
0.000312699	0.00192748	0.000543848	0.000180641	0.000442434	0.000402949	0.000542646	4.8006e-05	0.00322648	0.000349363	0.000117726	0.000326806	0.000189329	0.000407233	0.00116147	0.00130326	0.000391972
0.00534668	0.0136456	0.000203943	0.00264774	0.00301603	0.00237413	0.00437802	0.00464458	0.0043738	0.0029902	0.00749519	0.00238127	0.00418561	0.00270632	0.0142894	0.00818159	0.00269658
0.000327281	0.0	0.0	0.000305637	0.000573294	0.0	0.000417178	0.000270033	2.89562e-05	0.000256055	3.92418e-05	1.23656e-05	0.000581686	0.000134426	0.00124536	7.24034e-05	0.000354191
6.96688e-05	0.00115791	0.0	1.66107e-05	0.00023368	8.71241e-05	7.92012e-05	3.60045e-05	0.000775645	9.11381e-05	0.0	4.06299e-05	2.7047e-05	7.11669e-05	0.000196805	0.0	5.43093e-05
0.000134477	0.000117573	0.00122366	0.000115444	0.000130861	2.1781e-05	0.000116841	0.000204025	0.000136711	0.000186616	0.000117726	0.000943321	0.000135586	0.000124542	0.000267784	0.000289614	0.000127509
0.00181463	0.00162108	0.000407886	0.00822562	0.00213739	0.00338695	0.0017189	0.00124815	0.000490356	0.00207448	0.00364949	0.000134255	0.00186624	0.00196104	0.00308758	0.000905043	0.00113577
